round,train_loss_local_mean,train_accuracy,train_f1,validation_loss,validation_accuracy,validation_precision,validation_recall,validation_f1,validation_auroc,validation_pr_auc,validation_fpr,test_loss,test_accuracy,test_precision,test_recall,test_f1,test_auroc,test_pr_auc,test_fpr,threshold_used,communication_cost_bytes,validation_accuracy_default_threshold,validation_precision_default_threshold,validation_recall_default_threshold,validation_f1_default_threshold,validation_auroc_default_threshold,validation_pr_auc_default_threshold,validation_fpr_default_threshold,test_accuracy_default_threshold,test_precision_default_threshold,test_recall_default_threshold,test_f1_default_threshold,test_auroc_default_threshold,test_pr_auc_default_threshold,test_fpr_default_threshold
1,0.8032524671459027,0.990360696517413,0.2017167381974249,0.6039113998413086,0.9959241323648104,0.5238095238095238,0.3173076923076923,0.39520958083832336,0.6510356917964513,0.2324219850609286,0.0012157562003566218,0.6109351515769958,0.9808716707021792,0.1550632911392405,0.19140625,0.17132867132867133,0.4952114828841136,0.14028492662685904,0.010887294079269288,0.5030023455619812,4537456,0.9948345439870864,0.3695652173913043,0.3269230769230769,0.3469387755102041,0.6510356917964513,0.2324219850609286,0.0023504619873561355,0.9785310734463277,0.13297872340425532,0.1953125,0.15822784810126583,0.4952114828841136,0.14028492662685904,0.013293100636111565
2,0.6944458814756722,0.9904211580983969,0.3200490496627836,0.5217212438583374,0.9967312348668281,0.6949152542372882,0.3942307692307692,0.5030674846625767,0.7229821564397672,0.3644432477681812,0.0007294537202139731,0.5313723087310791,0.9872074253430185,0.327683615819209,0.2265625,0.2678983833718245,0.6317497655358016,0.22717861700504166,0.0048523894960039145,0.530307948589325,4537456,0.9947134786117837,0.3902439024390244,0.46153846153846156,0.42290748898678415,0.7229821564397672,0.3644432477681812,0.0030393905008915547,0.9803066989507667,0.19473684210526315,0.2890625,0.23270440251572327,0.6317497655358016,0.22717861700504166,0.012477572989724352
3,0.5910026896834089,0.9917685876174682,0.3726135615536537,0.4239177703857422,0.9958837772397094,0.5119047619047619,0.41346153846153844,0.4574468085106383,0.7666192313926955,0.3389401187975049,0.0016615334738207166,0.4351223111152649,0.9855125100887813,0.30711610486891383,0.3203125,0.3135755258126195,0.6580580184207308,0.288225556285724,0.007543630729081716,0.5026276707649231,4537456,0.9957223567393059,0.48863636363636365,0.41346153846153844,0.4479166666666667,0.7666192313926955,0.3389401187975049,0.0018236343005349326,0.985270379338176,0.30036630036630035,0.3203125,0.31001890359168244,0.6580580184207308,0.288225556285724,0.00778828902299788
4,0.48808776102425383,0.9914835544499724,0.3958333333333333,0.3400096595287323,0.995318805488297,0.4230769230769231,0.3173076923076923,0.3626373626373626,0.8000685031859047,0.25031114167060364,0.0018236343005349326,0.3526594936847687,0.9861581920903955,0.33460076045627374,0.34375,0.33911368015414256,0.6830802224351655,0.3286276133097038,0.00713586690588811,0.5259695053100586,4537456,0.9940274414850686,0.30701754385964913,0.33653846153846156,0.3211009174311927,0.8000685031859047,0.25031114167060364,0.003201491327605771,0.9845843422114609,0.30063291139240506,0.37109375,0.3321678321678322,0.6830802224351655,0.3286276133097038,0.009011580492578698
5,0.409909802805365,0.9912503454947484,0.43376187814421463,0.27065545320510864,0.9956416464891041,0.4722222222222222,0.3269230769230769,0.38636363636363635,0.8179031011135078,0.310171333107471,0.0015399578537850544,0.28318512439727783,0.9897497982243745,0.5055555555555555,0.35546875,0.41743119266055045,0.6767003910709917,0.3492842524183974,0.003629098026423096,0.5955372452735901,4537456,0.9928571428571429,0.2582781456953642,0.375,0.3058823529411765,0.8179031011135078,0.310171333107471,0.004538823147998055,0.9848668280871671,0.31347962382445144,0.390625,0.34782608695652173,0.6767003910709917,0.3492842524183974,0.008930027727939977
6,0.35392551959612584,0.9905593559977889,0.4095083738519719,0.22681200504302979,0.9958030669895077,0.5,0.28846153846153844,0.36585365853658536,0.832890023941045,0.28497759130097206,0.0012157562003566218,0.2363094836473465,0.9911218724778047,0.6323529411764706,0.3359375,0.4387755102040816,0.6966333521499347,0.3537772780145241,0.0020388191159680315,0.6829106211662292,4537456,0.9919289749798225,0.22093023255813954,0.36538461538461536,0.2753623188405797,0.832890023941045,0.28497759130097206,0.005430377694926244,0.9845036319612591,0.30952380952380953,0.40625,0.35135135135135137,0.6966333521499347,0.3537772780145241,0.009460120698091665
7,0.307733280677794,0.9904902570480929,0.44309559939301973,0.19670851528644562,0.9951170298627926,0.4205607476635514,0.4326923076923077,0.4265402843601896,0.8175490900532439,0.3470923695219679,0.002512562814070352,0.20388749241828918,0.9895480225988701,0.49261083743842365,0.390625,0.4357298474945534,0.6679527420842848,0.3615542366295637,0.004199967378894144,0.6148332357406616,4537456,0.9860371267150928,0.15229885057471265,0.5096153846153846,0.2345132743362832,0.8175490900532439,0.3470923695219679,0.011954935970173448,0.9836965294592414,0.3010752688172043,0.4375,0.35668789808917195,0.6679527420842848,0.3615542366295637,0.010601859403033763
8,0.281501540219028,0.9900497512437811,0.4330708661417323,0.184589684009552,0.9957627118644068,0.49206349206349204,0.2980769230769231,0.3712574850299401,0.8303638228362658,0.26433158512222293,0.00129680661371373,0.18512754142284393,0.9912429378531074,0.672566371681416,0.296875,0.41192411924119243,0.6882144627456777,0.351269916709263,0.001508726145816343,0.8292116522789001,4537456,0.980225988700565,0.0995850622406639,0.46153846153846156,0.16382252559726962,0.8303638228362658,0.26433158512222293,0.017587939698492462,0.9830508474576272,0.28756476683937826,0.43359375,0.34579439252336447,0.6882144627456777,0.351269916709263,0.011213505137824173
9,0.2576891901550824,0.9880026948590381,0.4081806561567959,0.17457431554794312,0.9951977401129943,0.4025974025974026,0.2980769230769231,0.3425414364640884,0.8226410433058593,0.2106751607011982,0.0018641595072134867,0.1761198192834854,0.9914043583535109,0.6641221374045801,0.33984375,0.4496124031007752,0.6963518995422852,0.36897198877343956,0.0017941608220518675,0.8187716603279114,4537456,0.9721146085552865,0.0776978417266187,0.5192307692307693,0.13516896120150187,0.8226410433058593,0.2106751607011982,0.025976657480953153,0.976957223567393,0.20994475138121546,0.4453125,0.2853566958698373,0.6963518995422852,0.36897198877343956,0.01749306801500571
10,0.23750674842665212,0.9870266721945826,0.37154811715481173,0.16090118885040283,0.9954398708635996,0.43283582089552236,0.27884615384615385,0.3391812865497076,0.8209097597166977,0.2411712780671743,0.0015399578537850544,0.16426755487918854,0.9914447134786117,0.6864406779661016,0.31640625,0.43315508021390375,0.7034212659027891,0.3471140496004711,0.001508726145816343,0.8719513416290283,4537456,0.9706214689265537,0.06424581005586592,0.4423076923076923,0.11219512195121951,0.8209097597166977,0.2411712780671743,0.027151888474631222,0.9772397094430992,0.2137546468401487,0.44921875,0.28967254408060455,0.7034212659027891,0.3471140496004711,0.017248409721089545
11,0.22419135036330184,0.9855669568822554,0.3677639046538025,0.1549326628446579,0.9961662631154157,0.5849056603773585,0.2980769230769231,0.39490445859872614,0.8405734472611195,0.28129595058270895,0.0008915545469281893,0.15722902119159698,0.9918886198547215,0.7669902912621359,0.30859375,0.4401114206128134,0.6945690477950172,0.36303591444339045,0.000978633175664655,0.9264718890190125,4537456,0.9666666666666667,0.06818181818181818,0.5480769230769231,0.12127659574468085,0.8405734472611195,0.28129595058270895,0.03156913600259361,0.9743744955609362,0.19286871961102106,0.46484375,0.27262313860252,0.6945690477950172,0.36303591444339045,0.02030663839504159
12,0.22665365102687524,0.9884259259259259,0.4302721088435374,0.1562286615371704,0.9946731234866828,0.3627450980392157,0.3557692307692308,0.3592233009708738,0.8382763694402534,0.25850857838383223,0.002634138434106014,0.15688008069992065,0.9916464891041162,0.689922480620155,0.34765625,0.4623376623376623,0.6946322034027892,0.362365717159069,0.001631055292774425,0.8839815855026245,4537456,0.9661016949152542,0.06705882352941177,0.5480769230769231,0.11949685534591195,0.8382763694402534,0.25850857838383223,0.03213648889609337,0.9744955609362389,0.1967741935483871,0.4765625,0.2785388127853881,0.6946322034027892,0.362365717159069,0.02030663839504159
13,0.22333931480645774,0.980496821448314,0.30905752753977966,0.15478414297103882,0.9953995157384988,0.4431818181818182,0.375,0.40625,0.8334963433794281,0.2961176952588443,0.001985735127249149,0.17021876573562622,0.9919693301049233,0.7244094488188977,0.359375,0.4804177545691906,0.6968731523201761,0.37149365744386165,0.001427173381177622,0.9190223217010498,4537456,0.9621065375302663,0.060988433228180865,0.5576923076923077,0.10995260663507109,0.8334963433794281,0.2961176952588443,0.03618900956394878,0.9608555286521389,0.128125,0.48046875,0.20230263157894737,0.6968731523201761,0.37149365744386165,0.034129832001304844
14,0.20144690504368915,0.984470011055832,0.34949348769898697,0.15249678492546082,0.9964891041162227,0.6491228070175439,0.3557692307692308,0.45962732919254656,0.8204020256368693,0.315030539600093,0.0008105041335710813,0.16837255656719208,0.992090395480226,0.7830188679245284,0.32421875,0.4585635359116022,0.688864734545751,0.36605392532775927,0.0009378567933452944,0.9609887003898621,4537456,0.9611380145278451,0.059487179487179485,0.5576923076923077,0.10750695088044486,0.8204020256368693,0.315030539600093,0.037161614524234075,0.9556093623890234,0.11141804788213629,0.47265625,0.18032786885245902,0.688864734545751,0.36605392532775927,0.03934920893818301
15,0.19836734836190298,0.9873721669430625,0.4235015772870662,0.13555356860160828,0.9968523002421308,0.75,0.375,0.5,0.8450097883960748,0.3619776336916685,0.0005268276868212028,0.1534729301929474,0.9922921711057304,0.8217821782178217,0.32421875,0.4649859943977591,0.7011029055720926,0.38790885770011363,0.0007339748817484913,0.9667901396751404,4537456,0.9667070217917676,0.07032181168057211,0.5673076923076923,0.12513255567338283,0.8450097883960748,0.3619776336916685,0.031609661209272166,0.9601291364003228,0.1310483870967742,0.5078125,0.20833333333333334,0.7011029055720926,0.38790885770011363,0.03514924155928886
16,0.18479374266100346,0.9897906301824212,0.4709042076991943,0.14343592524528503,0.9962066182405166,0.631578947368421,0.23076923076923078,0.3380281690140845,0.8130622872426649,0.20798548577471648,0.0005673528934997568,0.1326167732477188,0.9921307506053268,0.8144329896907216,0.30859375,0.4475920679886686,0.7026111538696787,0.39443085369780234,0.0007339748817484913,0.9758224487304688,4537456,0.9585552865213882,0.04975609756097561,0.49038461538461536,0.09034543844109831,0.8130622872426649,0.20798548577471648,0.03947155130491165,0.9751412429378531,0.20297029702970298,0.48046875,0.2853828306264501,0.7026111538696787,0.39443085369780234,0.01969499266025118
17,0.18678902627891333,0.9905420812603648,0.5047489823609227,0.12383363395929337,0.9969733656174334,0.7735849056603774,0.3942307692307692,0.5222929936305732,0.85835894734217,0.38294823485232876,0.0004863024801426487,0.1260949969291687,0.9922114608555287,0.8181818181818182,0.31640625,0.4563380281690141,0.7239245388446012,0.4153653219929052,0.0007339748817484913,0.9701575636863708,4537456,0.9679176755447942,0.07398273736128237,0.5769230769230769,0.13114754098360656,0.85835894734217,0.38294823485232876,0.0304344302155941,0.9774011299435028,0.2323943661971831,0.515625,0.32038834951456313,0.7239245388446012,0.4153653219929052,0.017778502691241233
18,0.17351519561519746,0.9912762576008844,0.5249294449670743,0.12527556717395782,0.9964891041162227,0.6349206349206349,0.38461538461538464,0.47904191616766467,0.8324750302380388,0.340785478538941,0.0009320797536067434,0.12151176482439041,0.9921711057304278,0.7980769230769231,0.32421875,0.46111111111111114,0.7167606381758684,0.4198187240386143,0.0008563040287065731,0.948483407497406,4537456,0.9652542372881356,0.06643757159221077,0.5576923076923077,0.1187308085977482,0.8324750302380388,0.340785478538941,0.03302804344302156,0.9796610169491525,0.2568627450980392,0.51171875,0.34203655352480417,0.7167606381758684,0.4198187240386143,0.015454248899037678
19,0.1775992602147786,0.9916217523493643,0.5500927643784786,0.1296822428703308,0.9968523002421308,0.7407407407407407,0.38461538461538464,0.5063291139240507,0.8720087331820392,0.3828858555979535,0.0005673528934997568,0.11912645399570465,0.9921711057304278,0.8229166666666666,0.30859375,0.44886363636363635,0.7300945948356712,0.41548874002338393,0.0006931984994291307,0.9822379946708679,4537456,0.9613801452784504,0.06345957011258956,0.5961538461538461,0.1147086031452359,0.8720087331820392,0.3828858555979535,0.037080564110876964,0.980225988700565,0.2631578947368421,0.5078125,0.3466666666666667,0.7300945948356712,0.41548874002338393,0.014842603164247268
20,0.16529374749123446,0.9916563018242123,0.5548387096774193,0.11701693385839462,0.9968523002421308,0.7166666666666667,0.41346153846153844,0.524390243902439,0.8657068687107996,0.3909511863012583,0.000688928513535419,0.11211462318897247,0.992090395480226,0.7830188679245284,0.32421875,0.4585635359116022,0.7398040726686104,0.4168538910811873,0.0009378567933452944,0.9688504934310913,4537456,0.9669491525423729,0.0718562874251497,0.5769230769230769,0.12779552715654952,0.8657068687107996,0.3909511863012583,0.031407035175879394,0.9799435028248588,0.26043737574552683,0.51171875,0.3451910408432148,0.7398040726686104,0.4168538910811873,0.015168814222802153
21,0.15991712196476082,0.992044983416252,0.5694249649368864,0.11104807257652283,0.9968523002421308,0.703125,0.4326923076923077,0.5357142857142857,0.870227572415427,0.3899394516162014,0.0007699789268925272,0.10769134759902954,0.9922114608555287,0.794392523364486,0.33203125,0.46831955922865015,0.7532942856997228,0.42625120822676776,0.0008970804110259337,0.9593833088874817,4537456,0.9693301049233253,0.07731958762886598,0.5769230769230769,0.13636363636363635,0.870227572415427,0.3899394516162014,0.029016047981844706,0.9819612590799032,0.29010989010989013,0.515625,0.37130801687763715,0.7532942856997228,0.42625120822676776,0.013170771489153483
22,0.16285039453865274,0.9926236871199557,0.58743961352657,0.11274679750204086,0.9964891041162227,0.6307692307692307,0.3942307692307692,0.48520710059171596,0.8700816427048395,0.3587830590004914,0.0009726049602852974,0.10391902178525925,0.9923728813559322,0.819047619047619,0.3359375,0.47645429362880887,0.7461775327230469,0.43515873934967625,0.0007747512640678519,0.964117705821991,4537456,0.9667473769168684,0.07244655581947744,0.5865384615384616,0.12896405919661733,0.8700816427048395,0.3587830590004914,0.03165018641595072,0.9822437449556094,0.29464285714285715,0.515625,0.375,0.7461775327230469,0.43515873934967625,0.012885336812917958
23,0.15801594286386156,0.99225228026534,0.5750828990999526,0.11051733046770096,0.9965294592413236,0.640625,0.3942307692307692,0.4880952380952381,0.8575053851765029,0.33989093760065153,0.0009320797536067434,0.10873115807771683,0.9922921711057304,0.8095238095238095,0.33203125,0.4709141274238227,0.7219626532937122,0.4233611786990979,0.0008155276463872126,0.9664998650550842,4537456,0.9699354317998385,0.077733860342556,0.5673076923076923,0.13673232908458866,0.8575053851765029,0.33989093760065153,0.02836764467498784,0.9786117836965295,0.24344569288389514,0.5078125,0.3291139240506329,0.7219626532937122,0.4233611786990979,0.016473658457021693
24,0.13885201924618634,0.99225228026534,0.5902238465052535,0.11252700537443161,0.9960855528652138,0.5636363636363636,0.2980769230769231,0.389937106918239,0.8712420664114617,0.30437804922569034,0.0009726049602852974,0.11173999309539795,0.9923325262308313,0.8173076923076923,0.33203125,0.4722222222222222,0.7506666779226472,0.43028473504244885,0.0007747512640678519,0.9636523127555847,4537456,0.9671105730427765,0.07220216606498195,0.5769230769230769,0.12834224598930483,0.8712420664114617,0.30437804922569034,0.03124493434916518,0.9774011299435028,0.23426573426573427,0.5234375,0.32367149758454106,0.7506666779226472,0.43028473504244885,0.017860055455879955
25,0.14673650931259485,0.9939365671641791,0.6531620553359684,0.09945814311504364,0.9969733656174334,0.7164179104477612,0.46153846153846156,0.5614035087719298,0.8677081904560021,0.4059629662129884,0.0007699789268925272,0.09816650301218033,0.9926957223567393,0.8504672897196262,0.35546875,0.5013774104683195,0.7499448085293998,0.44377360070015925,0.0006524221171097701,0.9658496379852295,4537456,0.9733656174334141,0.09117647058823529,0.5961538461538461,0.15816326530612246,0.8677081904560021,0.4059629662129884,0.02504457772734641,0.9810330912025828,0.2723404255319149,0.5,0.3526170798898072,0.7499448085293998,0.44377360070015925,0.013945522753221334
26,0.1438229062280319,0.9938242813709232,0.6469135802469136,0.09995339810848236,0.9962469733656174,0.5932203389830508,0.33653846153846156,0.4294478527607362,0.8704339002705836,0.3147529431062141,0.0009726049602852974,0.1015167236328125,0.9925343018563357,0.808695652173913,0.36328125,0.5013477088948787,0.7610907777840075,0.44478792707799225,0.0008970804110259337,0.9571669101715088,4537456,0.9743341404358353,0.09202453987730061,0.5769230769230769,0.15873015873015872,0.8704339002705836,0.3147529431062141,0.023990922353704005,0.9790960451977401,0.25,0.51171875,0.33589743589743587,0.7610907777840075,0.44478792707799225,0.016025118251508725
27,0.1474978384828088,0.9926323244886678,0.5908872901678657,0.12234318256378174,0.9964487489911219,0.625,0.38461538461538464,0.47619047619047616,0.8359956575682382,0.34939888563389915,0.0009726049602852974,0.11062263697385788,0.9924939467312349,0.8017241379310345,0.36328125,0.5,0.7334142861329718,0.43655214288001154,0.0009378567933452944,0.9792161583900452,4537456,0.9635189669087975,0.0670995670995671,0.5961538461538461,0.12062256809338522,0.8359956575682382,0.34939888563389915,0.0349327281569136,0.9759483454398709,0.21947194719471946,0.51953125,0.308584686774942,0.7334142861329718,0.43655214288001154,0.019287228837057576
28,0.14333424316864,0.9933146766169154,0.6239067055393586,0.09144887328147888,0.9964487489911219,0.6290322580645161,0.375,0.46987951807228917,0.8959437385438358,0.4113168881029543,0.0009320797536067434,0.09410279244184494,0.992453591606134,0.8053097345132744,0.35546875,0.4932249322493225,0.7642174183962648,0.4482226649361327,0.0008970804110259337,0.9639573097229004,4537456,0.9757465698143665,0.10366826156299841,0.625,0.17783857729138167,0.8959437385438358,0.4113168881029543,0.022775166153347383,0.9802663438256659,0.26078028747433263,0.49609375,0.34185733512786004,0.7642174183962648,0.4482226649361327,0.014679497634969825
29,0.13884571077565008,0.9934701492537313,0.632295719844358,0.1180553212761879,0.996045197740113,0.5441176470588235,0.3557692307692308,0.43023255813953487,0.8320923787672856,0.3207519693341412,0.001256281407035176,0.11453353613615036,0.992453591606134,0.8285714285714286,0.33984375,0.481994459833795,0.724834043309615,0.4165682468718547,0.0007339748817484913,0.968166172504425,4537456,0.9603309120258273,0.05829145728643216,0.5576923076923077,0.10555050045495905,0.8320923787672856,0.3207519693341412,0.03797211865780516,0.9711864406779661,0.18016759776536312,0.50390625,0.2654320987654321,0.724834043309615,0.4165682468718547,0.02393573642146469
30,0.13634217319214653,0.9933578634604754,0.6336350643163411,0.10831460356712341,0.9959644874899112,0.5303030303030303,0.33653846153846156,0.4117647058823529,0.8278943180542913,0.2694657673621925,0.001256281407035176,0.11416037380695343,0.9926553672316384,0.8425925925925926,0.35546875,0.5,0.7299726638955717,0.42927650824536767,0.0006931984994291307,0.969931960105896,4537456,0.9652138821630347,0.06436781609195402,0.5384615384615384,0.11498973305954825,0.8278943180542913,0.2694657673621925,0.03298751823634301,0.9697336561743342,0.1724137931034483,0.5078125,0.25742574257425743,0.7299726638955717,0.42927650824536767,0.025444462567281032
31,0.1285323337540387,0.994161138750691,0.6768642447418738,0.10047087073326111,0.9967715899919289,0.6764705882352942,0.4423076923076923,0.5348837209302325,0.8846290229060938,0.40078747359495986,0.0008915545469281893,0.10483942925930023,0.992816787732042,0.8611111111111112,0.36328125,0.510989010989011,0.765068466094438,0.4478984017900586,0.0006116457347904094,0.9763368368148804,4537456,0.9682405165456013,0.07995079950799508,0.625,0.14176663031624864,0.8846290229060938,0.40078747359495986,0.030312854595558436,0.9735673930589185,0.2,0.51953125,0.2888165038002172,0.765068466094438,0.4478984017900586,0.021693035393899853
32,0.125550817232579,0.9944893587617468,0.6758130081300813,0.09526806324720383,0.9972154963680387,0.8431372549019608,0.41346153846153844,0.5548387096774193,0.8879333859121912,0.4525331679876471,0.0003242016534284325,0.09755650162696838,0.9923325262308313,0.8586956521739131,0.30859375,0.4540229885057471,0.7565905624337383,0.4342393062905097,0.0005300929701516882,0.9912223815917969,4537456,0.9707425343018563,0.08544726301735647,0.6153846153846154,0.15005861664712777,0.8879333859121912,0.4525331679876471,0.02775976657480953,0.9758676351896691,0.21212121212121213,0.4921875,0.2964705882352941,0.7565905624337383,0.4342393062905097,0.01908334692546077
33,0.13754297606145705,0.9938329187396352,0.6682156133828996,0.0925954058766365,0.9968523002421308,0.6857142857142857,0.46153846153846156,0.5517241379310345,0.859499108445453,0.40493631130859814,0.0008915545469281893,0.10358921438455582,0.9930589184826473,0.85,0.3984375,0.5425531914893617,0.7396111016249387,0.4650036030041067,0.0007339748817484913,0.965214192867279,4537456,0.9735270379338176,0.09292035398230089,0.6057692307692307,0.16112531969309463,0.859499108445453,0.40493631130859814,0.024923002107310747,0.9723970944309928,0.19164265129682997,0.51953125,0.28,0.7396111016249387,0.4650036030041067,0.02287555048116131
34,0.12135407648330025,0.9943425234936429,0.6903073286052009,0.0840764045715332,0.9963276836158192,0.5915492957746479,0.40384615384615385,0.48,0.8765758070750777,0.3526685898758568,0.0011752309936780678,0.09954611212015152,0.9930992736077482,0.8455284552845529,0.40625,0.5488126649076517,0.7562053371187408,0.46356314863677167,0.0007747512640678519,0.9553912281990051,4537456,0.97409200968523,0.09365558912386707,0.5961538461538461,0.1618798955613577,0.8765758070750777,0.3526685898758568,0.024315124007132437,0.9713882163034705,0.18321678321678322,0.51171875,0.2698249227600412,0.7562053371187408,0.46356314863677167,0.023813407274506607
35,0.12187539410284992,0.9945843698175788,0.6981222917669716,0.07588175684213638,0.9967312348668281,0.6619718309859155,0.4519230769230769,0.5371428571428571,0.895348719403469,0.40713035802809316,0.0009726049602852974,0.09118278324604034,0.9930992736077482,0.84,0.41015625,0.5511811023622047,0.7770528997104877,0.46318606597558154,0.0008155276463872126,0.950284481048584,4537456,0.9778450363196126,0.11169284467713787,0.6153846153846154,0.18906942392909898,0.895348719403469,0.40713035802809316,0.020627330199384016,0.976957223567393,0.22608695652173913,0.5078125,0.3128760529482551,0.7770528997104877,0.46318606597558154,0.01814549013211548
36,0.11888802326874783,0.9949039524599226,0.7121951219512195,0.08579639345407486,0.9961662631154157,0.56,0.40384615384615385,0.4692737430167598,0.8691417696422559,0.36088189783774044,0.001337331820392284,0.09038463979959488,0.9927360774818402,0.8166666666666667,0.3828125,0.5212765957446809,0.7478410816954819,0.46235247232217147,0.0008970804110259337,0.9500535726547241,4537456,0.975181598062954,0.09763779527559055,0.5961538461538461,0.16779431664411368,0.8691417696422559,0.36088189783774044,0.023220943426811476,0.9795803066989508,0.2549019607843137,0.5078125,0.3394255874673629,0.7478410816954819,0.46235247232217147,0.015495025281357037
37,0.11173283303564228,0.9952062603648425,0.727540500736377,0.07446513324975967,0.9969733656174334,0.6933333333333334,0.5,0.5810055865921788,0.9006092029627043,0.4372067215732264,0.0009320797536067434,0.09141989797353745,0.9929378531073446,0.8461538461538461,0.38671875,0.5308310991957105,0.7677341424471945,0.4529165991786404,0.0007339748817484913,0.960602343082428,4537456,0.9795803066989508,0.12359550561797752,0.6346153846153846,0.20689655172413793,0.9006092029627043,0.4372067215732264,0.0189657967255633,0.9761097659402744,0.21621621621621623,0.5,0.3018867924528302,0.7677341424471945,0.4529165991786404,0.01892024139618333
38,0.10826061273708885,0.9946707435046988,0.7052078356426182,0.09389214962720871,0.9969330104923325,0.8043478260869565,0.3557692307692308,0.49333333333333335,0.8819516316071674,0.37881276112343787,0.00036472686010698656,0.09981802105903625,0.9926957223567393,0.8712871287128713,0.34375,0.49299719887955185,0.7527877665755993,0.4465549520751053,0.0005300929701516882,0.9894630312919617,4537456,0.9682808716707022,0.07692307692307693,0.5961538461538461,0.13626373626373625,0.8819516316071674,0.37881276112343787,0.03015075376884422,0.9728410008071025,0.19111111111111112,0.50390625,0.2771213748657358,0.7527877665755993,0.4465549520751053,0.022263904746370904
39,0.11196537784458935,0.9951803482587065,0.7288629737609329,0.07898280024528503,0.9968523002421308,0.6756756756756757,0.4807692307692308,0.5617977528089888,0.8875096247365861,0.4106037477174954,0.0009726049602852974,0.0874902755022049,0.9931396287328491,0.8412698412698413,0.4140625,0.5549738219895288,0.7861860129363073,0.4655659057350947,0.0008155276463872126,0.9592238068580627,4537456,0.9763518966908797,0.10620915032679738,0.625,0.18156424581005587,0.8875096247365861,0.4106037477174954,0.02216728805316907,0.9776029055690073,0.23539823008849559,0.51953125,0.32399512789281365,0.7861860129363073,0.4655659057350947,0.01761539716196379
40,0.11046662233445716,0.9949557766721946,0.7200383509108341,0.08638133853673935,0.9966505246166263,0.6438356164383562,0.4519230769230769,0.5310734463276836,0.8839556810105116,0.43241836536327743,0.0010536553736424056,0.09011881053447723,0.9928571428571429,0.8691588785046729,0.36328125,0.512396694214876,0.7618603523589138,0.46283445394901074,0.0005708693524710488,0.97538822889328,4537456,0.9721549636803875,0.09078212290502793,0.625,0.15853658536585366,0.8839556810105116,0.43241836536327743,0.026381909547738693,0.9767958030669895,0.22452504317789293,0.5078125,0.31137724550898205,0.7618603523589138,0.46283445394901074,0.01830859566139292
41,0.12662301279501942,0.9954394693200663,0.7388724035608308,0.0722433477640152,0.9972962066182405,0.7846153846153846,0.49038461538461536,0.6035502958579881,0.9244341278352058,0.4760539852631843,0.0005673528934997568,0.0752706304192543,0.9933010492332526,0.8879310344827587,0.40234375,0.553763440860215,0.79936602282458,0.4906945761716575,0.0005300929701516882,0.9810524582862854,4537456,0.9790556900726393,0.122040072859745,0.6442307692307693,0.20520673813169985,0.9244341278352058,0.4760539852631843,0.019533149619063057,0.983817594834544,0.3236009732360097,0.51953125,0.3988005997001499,0.79936602282458,0.4906945761716575,0.011335834284782255
42,0.09761124039313902,0.9950680624654505,0.7403365165984539,0.09789428859949112,0.9966101694915255,0.6612903225806451,0.3942307692307692,0.4939759036144578,0.8831701154656659,0.38681769287540774,0.0008510293402496353,0.11182475835084915,0.9930992736077482,0.8695652173913043,0.390625,0.5390835579514824,0.7521171065843664,0.4621987141440457,0.0006116457347904094,0.9812069535255432,4537456,0.9674334140435835,0.07599517490952955,0.6057692307692307,0.13504823151125403,0.8831701154656659,0.38681769287540774,0.03104230831577241,0.963317191283293,0.14472252448313383,0.51953125,0.22638297872340427,0.7521171065843664,0.4621987141440457,0.03205023650301745
43,0.09882365709363423,0.9942906992813709,0.7047789191603394,0.09544073045253754,0.9965698143664246,0.7021276595744681,0.3173076923076923,0.4370860927152318,0.8845768077359502,0.32952989324949067,0.0005673528934997568,0.1219816580414772,0.9926957223567393,0.9120879120879121,0.32421875,0.4783861671469741,0.7703244780623063,0.4217876074241759,0.00032621105855488503,0.9919766783714294,4537456,0.9698950766747377,0.08203125,0.6057692307692307,0.1444954128440367,0.8845768077359502,0.32952989324949067,0.028570270708380613,0.9574656981436642,0.12144212523719165,0.5,0.19541984732824427,0.7703244780623063,0.4217876074241759,0.03775893002772794
44,0.09359505509959899,0.9959749861802101,0.7706692913385826,0.06600052863359451,0.9966908797417272,0.671875,0.41346153846153844,0.5119047619047619,0.8962377411249799,0.4119512763881565,0.0008510293402496353,0.08522718399763107,0.9932203389830508,0.8793103448275862,0.3984375,0.5483870967741935,0.8024652668049665,0.4594047823686045,0.0005708693524710488,0.9652978181838989,4537456,0.9789346246973366,0.11580882352941177,0.6057692307692307,0.19444444444444445,0.8962377411249799,0.4119512763881565,0.0194926244123845,0.9742937853107345,0.20280811232449297,0.5078125,0.2898550724637681,0.8024652668049665,0.4594047823686045,0.02083673136519328
45,0.1090179978896035,0.9953358208955224,0.7286432160804021,0.07882524281740189,0.9966505246166263,0.6438356164383562,0.4519230769230769,0.5310734463276836,0.8622388462161926,0.38144375886525805,0.0010536553736424056,0.08191230148077011,0.9928974979822437,0.8125,0.40625,0.5416666666666666,0.7729813142228021,0.4756635569073491,0.000978633175664655,0.9518012404441833,4537456,0.9738902340597256,0.09295352323838081,0.5961538461538461,0.1608300907911803,0.8622388462161926,0.38144375886525805,0.024517750040525206,0.9793381759483455,0.2528957528957529,0.51171875,0.3385012919896641,0.7729813142228021,0.4756635569073491,0.01578045995759256
46,0.09846003759823937,0.9959749861802101,0.7674650698602794,0.07146759331226349,0.9967312348668281,0.6352941176470588,0.5192307692307693,0.5714285714285714,0.9069365905208424,0.42498492665998056,0.001256281407035176,0.0797511637210846,0.9930992736077482,0.8102189781021898,0.43359375,0.5648854961832062,0.8314584692546076,0.48041433520173515,0.0010601859403033763,0.9454459547996521,4537456,0.9762308313155771,0.10823909531502424,0.6442307692307693,0.18533886583679116,0.9069365905208424,0.42498492665998056,0.022369914086561842,0.9775221953188055,0.2336283185840708,0.515625,0.3215590742996346,0.8314584692546076,0.48041433520173515,0.01765617354428315
47,0.0943827285407931,0.99601817302377,0.768922305764411,0.07280728220939636,0.9965294592413236,0.618421052631579,0.4519230769230769,0.5222222222222223,0.8933053137897926,0.4078725501053324,0.0011752309936780678,0.07929079979658127,0.9931396287328491,0.8359375,0.41796875,0.5572916666666666,0.7883517007574213,0.47699316830098204,0.0008563040287065731,0.9551490545272827,4537456,0.9759887005649718,0.10466988727858294,0.625,0.1793103448275862,0.8933053137897926,0.4078725501053324,0.02253201491327606,0.9786521388216304,0.24390243902439024,0.5078125,0.32953105196451205,0.7883517007574213,0.47699316830098204,0.016432882074702334
48,0.08973018920665125,0.996052722498618,0.781235040689325,0.07321034371852875,0.9965294592413236,0.65,0.375,0.47560975609756095,0.8833283196378916,0.34675479416137756,0.0008510293402496353,0.09107111394405365,0.9932203389830508,0.8793103448275862,0.3984375,0.5483870967741935,0.804226296816384,0.47013988556911923,0.0005708693524710488,0.9770975112915039,4537456,0.9773607748184019,0.10671256454388985,0.5961538461538461,0.181021897810219,0.8833283196378916,0.34675479416137756,0.021032582266169556,0.970500403551251,0.17861975642760486,0.515625,0.26532663316582916,0.804226296816384,0.47013988556911923,0.0247512640678519
49,0.0890830572790346,0.9959577114427861,0.7790368271954674,0.08336683362722397,0.9969733656174334,0.8717948717948718,0.3269230769230769,0.4755244755244755,0.8929437042532763,0.3693458284607931,0.00020262603339277031,0.09111938625574112,0.9929378531073446,0.9263157894736842,0.34375,0.5014245014245015,0.7940345108363236,0.47102596340768116,0.0002854346762355244,0.9960362315177917,4537456,0.9732445520581113,0.09315866084425037,0.6153846153846154,0.16182048040455121,0.8929437042532763,0.3693458284607931,0.02524720376073918,0.9715496368038741,0.18424753867791843,0.51171875,0.27094105480868663,0.7940345108363236,0.47102596340768116,0.02365030174522916
50,0.09277302975143623,0.9963550304035379,0.7923228346456693,0.0615663044154644,0.9970540758676352,0.7183098591549296,0.49038461538461536,0.5828571428571429,0.912644799680786,0.4642117021251795,0.0008105041335710813,0.07221584767103195,0.9932606941081518,0.8503937007874016,0.421875,0.5639686684073107,0.8168498524404665,0.4902133446081244,0.0007747512640678519,0.9706808924674988,4537456,0.981315577078289,0.1359026369168357,0.6442307692307693,0.22445561139028475,0.912644799680786,0.4642117021251795,0.01726373804506403,0.9812348668280871,0.2781316348195329,0.51171875,0.3603851444291609,0.8168498524404665,0.4902133446081244,0.013863969988582614
